             2.2          -1.6598
             2.4          -0.1408
             2.6          -0.8172
             3.2          -0.2747
             3.6          -0.4394
             3.8          -0.5198
               4          -0.5867
             4.2          -0.5302
               6          -0.0322
             6.2           0.0099
             6.6           0.0253
             6.8           0.0391
               7           0.0509
             7.2           0.0613
             7.4           0.0707
             7.6           0.0793
             7.8           0.0874
               8           0.0953
             8.2           0.1031
             8.4           0.1111
             8.6           0.1194
             8.8           0.1282
               9           0.1378
             9.2           0.1482
             9.4           0.1596
             9.6           0.1721
             9.8           0.1859
              10           0.2011
            10.2           0.2179
            10.4           0.2365
            10.6           0.2569
            10.8           0.2793
              11            0.304
            11.2           0.3311
            11.4           0.3608
            11.6           0.3933
            11.8           0.4288
              12           0.4674
            12.2           0.5093
            12.6           0.6033
            12.8           0.6555
              13           0.7111
            13.2             0.77
            13.4           0.8319
            13.6           0.8964
            13.8           0.9633
              14            1.032
            14.2           1.1021
            14.6           1.2438
            14.8           1.3145
              15           1.3843
            15.2           1.4528
            15.4           1.5197
            15.6           1.5845
            15.8           1.6472
              16           1.7074
            16.2           1.7652
            16.4           1.8204
            16.6            1.873
            16.8           1.9232
              17           1.9708
            17.2           2.0161
            17.6           2.0998
            17.8           2.1385
            18.2           2.2101
            18.4           2.2433
            18.6           2.2748
            18.8           2.3048
            19.2           2.3607
            19.4           2.3866
            19.6           2.4114
            19.8           2.4351
              20           2.4578
            20.2           2.4795
            20.4           2.5003
            20.6           2.5202
            20.8           2.5393
              21           2.5576
            21.2           2.5752
            21.4           2.5921
            21.6           2.6084
            21.8           2.6241
              22           2.6391
            22.2           2.6537
            22.4           2.6676
            22.6           2.6811
              23           2.7067
            23.2           2.7188
            23.4           2.7305
            23.6           2.7418
            23.8           2.7527
              24           2.7633
            24.2           2.7735
            24.4           2.7833
            24.6           2.7929
            24.8           2.8021
              25           2.8111
            25.2           2.8197
            25.4           2.8281
            25.6           2.8363
            25.8           2.8441
              26           2.8518
            26.4           2.8664
            26.6           2.8733
            26.8           2.8801
              27           2.8866
            27.2            2.893
            27.4           2.8992
            27.6           2.9052
            27.8            2.911
              28           2.9167
            28.2           2.9222
            28.4           2.9275
            28.6           2.9327
            28.8           2.9378
              29           2.9427
            29.2           2.9475
            29.4           2.9521
            29.6           2.9566
            29.8            2.961
              30           2.9653
            30.2           2.9693
            30.4           2.9734
            30.8           2.9734
              31           2.9849
            31.4           2.9923
            32.2           3.0057
            32.4           3.0088
            32.6           3.0119
            32.8           3.0144
              33           3.0178
            33.4           3.0232
            33.8           3.0285
            34.2           3.0338
            34.4           3.0363
            34.6           3.0387
            34.8            3.041
              35           3.0434
            35.4           3.0477
            35.8            3.052
              36            3.054
            36.2           3.0561
            36.4            3.058
            36.6           3.0599
            36.8           3.0617
              37           3.0636
            37.2           3.0654
            37.4           3.0662
            37.6           3.0688
              38           3.0722
            38.2           3.0738
            38.4           3.0753
            38.6           3.0768
            38.8           3.0784
              39           3.0798
            39.2           3.0813
            39.4           3.0827
            39.6            3.084
            39.8           3.0855