   3.000000   3.478900
   3.200000   3.520800
   3.400000   3.551700
   3.600000   3.573400
   3.800000   3.592300
   4.000000   3.613400
   4.200000   3.637400
   4.400000   3.655600
   4.600000   3.653500
   4.800000   3.626200
   5.000000   3.598900
   5.200000   3.610900
   5.400000   3.678000
   5.600000   3.785400
   5.800000   3.902500
   6.000000   4.003800
   6.200000   4.080200
   6.400000   4.136000
   6.600000   4.179100
   6.800000   4.218400
   7.000000   4.257000
   7.200000   4.297600
   7.400000   4.340600
   7.800000   4.434200
   8.000000   4.483700
   8.200000   4.534700
   8.400000   4.586200
   8.600000   4.637600
   8.800000   4.687900
   9.000000   4.736500
   9.200000   4.783000
   9.400000   4.826300
   9.600000   4.865600
   9.800000   4.900300
  10.000000   4.929600
  10.200000   4.952800
  10.400000   4.969500
  10.600000   4.979100
  10.800000   4.980600
  11.000000   4.975900
  11.200000   4.964100
  11.400000   4.945400
  11.600000   4.920500
  11.800000   4.889500
  12.000000   4.853100
  12.200000   4.812700
  12.400000   4.769000
  12.600000   4.722900
  12.800000   4.675400
  13.000000   4.627200
  13.200000   4.579200
  13.400000   4.532200
  13.600000   4.486700
  13.800000   4.443300
  14.000000   4.402300
  14.200000   4.364200
  14.400000   4.329100
  14.600000   4.297200
  14.800000   4.268600
  15.000000   4.243100
  15.200000   4.220400
  15.400000   4.200900
  15.600000   4.184300
  15.800000   4.170000
  16.000000   4.157900
  16.200001   4.147800
  16.400000   4.139300
  16.600000   4.132100
  16.799999   4.126000
  17.200001   4.115600
  17.400000   4.111000
  17.600000   4.106500
  17.799999   4.101800
  18.000000   4.096900
  18.200001   4.091600
  18.400000   4.085800
  18.600000   4.079600
  18.799999   4.072800
  19.000000   4.065400
  19.200001   4.057600
  19.400000   4.049300
  19.600000   4.040400
  19.799999   4.031200
  20.000000   4.021500
  20.200001   4.011400
  20.400000   4.001000
  20.600000   3.990400
  20.799999   3.979400
  21.000000   3.968300
  21.400000   3.945600
  21.600000   3.934000
  21.799999   3.922400
  22.000000   3.910800
  22.200001   3.899200
  22.400000   3.887600
  22.600000   3.876000
  22.799999   3.864400
  23.000000   3.853000
  23.200001   3.841600
  23.400000   3.830300
  23.600000   3.819100
  23.799999   3.808000
  24.000000   3.797100
  24.200001   3.786300
  24.400000   3.775600
  24.600000   3.765100
  24.799999   3.754700
  25.000000   3.744500
  26.200001   3.686500
  26.400000   3.677400
  26.600000   3.668400
  26.799999   3.659600
  27.000000   3.651000
  27.200001   3.642500
  27.400000   3.634200
  27.600000   3.626000
  27.799999   3.618000
  28.000000   3.610200
  28.200001   3.602400
  28.400000   3.594900
  28.600000   3.587500
  29.200001   3.566100
  29.400000   3.559200
  29.600000   3.552500
  29.799999   3.545900
  30.000000   3.539300
  30.200001   3.533200
  30.400000   3.526800
  30.600000   3.520900
  30.799999   3.514900
  31.000000   3.509000
  31.200001   3.503200
  31.400000   3.497700
  31.600000   3.492200
  31.799999   3.486800
  32.000000   3.480600
  32.200001   3.476300
  32.400002   3.470400
  32.599998   3.465900
  32.799999   3.460700
  33.200001   3.451100
  33.400002   3.447200
  33.599998   3.442700
  34.000000   3.433900
  34.200001   3.429600
  34.400002   3.425100